1
2
2
3
4
5
6
7
11
14
12
14
16
19
21
25
28
32
36
40
45
50
55
60
74
73
79
87
95
102
111
120
129
141
150
160
392
281
196
218
223
240
253
269
288
304
425
340
358
373
408
422
444
462
499
510
1218
563
665
607
634
663
694
732
792
874
833
860
890
921
959
1001
1037
1084
1228
1161
1199
1249
1288
1340
1380
1430
1475
1529
1579
1808
1684
1780
1839
1916
2070
2024
2612
2370
2206
2276
2346
2414
2670
2588
2636
2723
2859
2846
2920
3004
3101
3159
3249
3369
3419
3642
3596
3697
3767
3893
3978
4135
4158
4263
4442
4448
4699
4667
4792
4933
4998
5125
5268
5328
5763
5598
6074
5978
6670
6052
6215
6317
6851
6568
6769
6857
6976
7167
7285
7422
7605
7706
7936
8664
8359
8390
8679
8917
9106
8952
9257
9709
9659
9738
9871
11130
10469
10719
10508
10803
10866
11129
11256
11497
11829
11877
12762
12271
13963
13800
13115
14984
16641
17314
14909
14066
14186
14436
15233
15676
15906
16430
16867
17202
16563
16487
17038
17874
17584
17266
18189
17851
18050
18380
18687
19493
19219
19423
19665
19935
20231
20557
20993
21468
21772
22388
23910
23008
23158
23057
23190
23524
23846
24127
24462
24988
25073
25448
25863
26102
26522
26879
27964
28469
27914
28333
28636
28954
29312
29650
30374
30436
30891
31273
31997
32024
32525
32850
35701
33482
34098
34451
35388
35469
36320
36844
38388
37220
38553
38992
39136
38826
39826
40515
42125
40919
41657
41198
41586
42025
43004
43742
44214
44923
44236
45121
45190
46762
47204
46840
47222
47720
57919
50871
49308
49936
50596
50894
52985
52704
52422
53084
53524
54207
55326
55191
55703
56207
58364
57593
58004
58535
59528
60177
60305
60929
61593
62228
64944
65675
63870
64832
65769
65752
66448
67395
67696
69681
69043
69573
70245
70867
75096
73254
72936
73566
74154
74931
76177
78644
76853
78590
78571
78880
80316
80771
82784
82870
83176
84010
84898
84875
86677
86792
87543
87876
89216
89593
90311
91924
93044
92864
94375
94544
95281
95742
96737
97271
98358
98779
100659
100117
101546
101872
103021
104512
104983
106345
106379
107700
108461
109426
110257
111296
111286
113351
114394
117138
115214
121194
122425
123210
121119
122012
123921
122291
122751
123777
124749
126025
126328
128032
129182
129518
130587
134216
136568
135841
135891
136908
138559
139479
139927
141784
141453
143431
143786
145950
145480
147151
147511
148279
149824
151360
151540
152840
154263
154327
155527
156779
158633
158684
159934
161807
161746
163291
164883
165235
167203
167934
169110
172079
172628
173286
175931
176380
176628
178010
179317
179554
181549
184248
185163
185227
185789
187910
190369
190439
192097
192344
195184
195221
196203
197821
201234
200253
202625
203253
205715
209384
210090
211992
214548
222051
217481
215560
215834
220435
218820
222770
221049
225847
224430
231712
226484
228899
228505
235329
231675
232455
235397
236033
237127
239502
240627
242461
243395
244985
248777
263251
261993
253427
252750
256057
258828
258380
259056
261784
262497
265100
272204
270836
268753
270176
274197
275201
278628
280896
284057
280225
282999
285340
285139
287323
287348
288655
290638
292614
293970
295778
297474
298169
301213
302039
310283
308588
310058
309601
314514
317197
319279
317089
318824
320731
326174
327257
324758
327094
334883
343558
335973
365055
355385
341265
344637
350196
344051
345435
348535
356211
362673
360317
366270
362241
372410
363099
366862
365837
370914
373946
375938
375503
377738
376161
378189
379838
382303
384276
388780
394380
401108
402508
400663
398143
408690
401361
405564
405559
406886
408783
410620
412797
414822
417471
422780
444224
426479
428847
429581
435817
434078
438621
439240
440433
443384
446488
446364
451653
460820
458424
480386
459295
466187
468620
478012
468635
471629
471946
486850
478700
482067
484826
481839
486465
495502
496683
499147
499630
500321
504311
501752
503517
507954
511019
521695
514264
517410
521732
525230
534327
535130
528916
534334
537162
537852
540132
544424
549565
565986
556101
562811
559134
558761
567341
563376
566721
569269
574572
574025
578577
590444
587842
593722
595670
597662
592702
598275
595914
602545
619543
614193
614819
613623
617201
617927
619680
623052
626794
628638
631884
646142
644590
653122
651267
671928
666743
655256
654893
660204
661300
666003
671161
680137
695849
780977
725882
707587
711618
723118
721982
716671
708161
727753
721583
716881
718246
722387
721017
738735
734572
737259
732188
734701
736257
742649
765882
763166
750453
752829
760176
762693
764857
781613
778600
775286
787277
789572
786391
794017
815818
806850
797197
802855
814572
816627
814338
819824
842616
842196
846646
835512
842599
843558
842041
877362
872767
852618
857730
877356
868879
898096
898276
885131
879602
887320
885997
893717
894636
914778
902436
900777
904886
907374
932599
938779
918622
923986
928231
930648
938523
950923
961845
999419
954172
953047
963976
986152
975331
979993
980647
977391
987295
1020660
1007457
1008621
1019689
1021229
1011349
1031750
1039944
1027636
1031621
1040471
1050624
1046807
1078368
1064239
1078204
1061154
1061967
1064676
1070714
1086477
1081513
1102102
1109442
1092606
1103834
1101052
1104665
1125323
1126266
1132121
1125009
1135195
1152751
1157099
1147050
1156874
1162962
1171990
1160494
1158387
1158911
1165444
1197286
1212358
1188272
1182748
1187859
1193867
1199358
1240891
1206114
1213557
1214986
1235086
1242252
1229652
1239996
1238012
1269290
1253463
1271726
1262127
1266761
1298550
1293916
1284405
1283663
1292542
1310573
1326025
1314816
1311694
1311906
1354582
1330644
1353621
1370293
1386962
1362898
1407850
1382511
1416869
1366445
1371533
1405359
1404846
1418117
1410833
1461604
1414019
1409695
1434551
1450510
1464394
1436131
1460286
1433060
1464525
1472434
1462802
1473129
1477944
1491420
1471995
1487369
1503268
1509000
1529217
1490471
1503676
1507364
1530686
1523041
1511630
1525981
1530361
1546757
1538236
1562344
1550476
1560811
1577855
1590015
1576961
1580060
1610883
1609096
1632012
1608347
1622804
1625533
1628403
1633606
1699301
1658040
1669458
1670583
1670386
1664292
1676104
1675801
1671255
1680577
1696752
1696783
1760479
1709378
1706520
1713162
1749738
1740772
1737548
1848456
1763271
1770051
1772449
1761448
1782446
1834236
1831032
1787387
1797361
1825189
1809230
1828137
1864133
1831591
1836337
1829879
1845374
1886053
1858268
1859527
1896702
1915874
1896122
1903198
1904189
1945776
1946030
1938335
1920649
1927111
1951967
1927549
1934116
1942276
1961497
2023168
1956758
1986840
1975205
2036904
1988957
1987010
1995216
1995612
2017312
2065003
2050447
2058798
2052325
2079537
2073963
2064088
2068059
2152687
2165226
2081280
2150760
2101372
2181233
2251323
2209362
2167441
2181459
2177834
2178189
2207644
2190459
2184075
2199196
2256763
2223696
2243881
2224979
2215451
